ЛР1
---Currents---
0.000000 0.000153 0.000156 0.000159 0.000162 0.000165 0.000168
0.000000 0.000453 0.000606 0.000609 0.000612 0.000615 0.000618
0.000000 0.000753 0.001206 0.001359 0.001362 0.001365 0.001368
---data3---
3.000 4.000 5.000
---data7---
0.000000 1.000000 2.000000 3.000000 4.000000 5.000000 6.000000

ЛР2
0 0.000117662 0.000153 0.000157576 0.000156 0.000156475 0.000159 0.000161232 0.000162 0.000162475 0.000165 0.000169576 0.000168
0 0.000263121 0.000453 0.000561434 0.000606 0.000613652 0.000609 0.000607277 0.000612 0.000617309 0.000615 0.000606246 0.000618
0 0.000404039 0.000753 0.00102227 0.001206 0.00131238 0.001359 0.00136812 0.001362 0.00135823 0.001365 0.00137646 0.001368
0 0.000190959 0.000303 0.000352382 0.00036225 0.000354869 0.0003465 0.000344906 0.0003495 0.000354131 0.0003525 0.000346218 0.0003555