INPUT MATRIX:
16.000000 -8.000000 -2.000000 
-8.000000 14.000000 -3.000000 
-2.000000 -3.000000 5.000000

<-----LU----->
16.000000 -0.500000 -0.125000 
-8.000000 10.000000 -0.400000 
-2.000000 -4.000000 3.150000

X:
1.110223e-16 1.000000e+00 3.000000e+00
R:
0.000000e+00 3.552714e-15 0.000000e+00
Normal 3.552714e-15

<-----QR----->
-18.000000 13.000000 1.000000 
-8.000000 -10.000000 5.400000 
-2.000000 -4.235294 2.800000

X:
-0.000000e+00 1.000000e+00 3.000000e+00
R:
-1.776357e-15 3.552714e-15 0.000000e+00
Normal 3.972055e-15
B:
-1.400000e+01 5.000000e+00 1.200000e+01

<-----LUL----->
16.000000 -8.000000 -2.000000 
-0.500000 10.000000 -3.000000 
-0.125000 -0.400000 3.150000

X:
1.665335e-16 1.000000e+00 3.000000e+00
R:
0.000000e+00 0.000000e+00 0.000000e+00
Normal 0.000000e+00
