matrix:
12.000000 -6.000000 -4.000000 
-6.000000 12.000000 -1.000000 
-4.000000 -1.000000 5.000000 
LU decomposition:
12.000000 -0.500000 -0.333333 
-6.000000 9.000000 -0.333333 
-4.000000 -3.000000 2.666667 
x:
2.000000e+00 3.000000e+00 4.000000e+00 
normal of R: 6.646519e-15
QR decomposition:
-14.000000 10.000000 4.428571 
-6.000000 -9.000000 4.142857 
-4.000000 -3.461538 2.285714 
x:
2.000000e+00 3.000000e+00 4.000000e+00 
normal of R: 2.274847e-14
LDL decomposition:
12.000000 -6.000000 -4.000000 
-0.500000 9.000000 -1.000000 
-0.333333 -0.333333 2.666667 
x:
2.000000e+00 3.000000e+00 4.000000e+00 
normal of R: 0.000000e+00
