7.07107
7.50111
7.90155
8.27081
8.60742
8.91007
9.17755
9.40881
9.60294
9.75917
9.87688
9.95562
9.99507
9.99507
9.95562
9.87688
9.75917
9.60294
9.40881
9.17755
8.91007
8.60742
8.27081
7.90155
7.50111
7.07107
6.61312
6.12907
5.62083
5.09041
4.5399
3.97148
3.38738
2.78991
2.18143
1.56434
0.941083
0.314108
-0.314108
-0.941083
-1.56434
-2.18143
-2.78991
-3.38738
-3.97148
-4.5399
-5.09041
-5.62083
-6.12907
-6.61312
0
0
0
0
0
0
0
0
0
0
0
0
0
0
0
0
0
0
0
0
0
0
0
0
0
0
0
0
0
0
0
0
0
0
0
0
0
0
0
0
0
0
0
0
0
0
0
0
0
0
