1.12535e-06
1.26855e-06
1.42932e-06
1.60974e-06
1.81212e-06
2.03902e-06
2.29331e-06
2.57815e-06
2.89706e-06
3.25395e-06
3.65317e-06
4.09952e-06
4.59834e-06
5.15553e-06
5.77764e-06
6.47191e-06
7.24633e-06
8.10978e-06
9.07203e-06
1.01439e-05
1.13373e-05
1.26654e-05
1.41427e-05
1.57852e-05
1.76105e-05
1.96381e-05
2.18893e-05
2.43875e-05
2.71587e-05
3.02311e-05
3.3636e-05
3.74075e-05
4.15832e-05
4.62042e-05
5.13156e-05
5.69669e-05
6.32121e-05
7.01104e-05
7.77265e-05
8.61311e-05
9.54016e-05
0.000105622
0.000116886
0.000129292
0.00014295
0.00015798
0.000174512
0.000192688
0.00021266
0.000234597
0.000258681
0.000285109
0.000314095
0.000345873
0.000380694
0.000418832
0.000460584
0.00050627
0.000556238
0.000610862
0.000670548
0.000735735
0.000806897
0.000884543
0.000969224
0.00106153
0.00116211
0.00127165
0.00139089
0.00152062
0.0016617
0.00181505
0.00198167
0.00216261
0.00235901
0.00257208
0.00280314
0.00305358
0.0033249
0.0036187
0.00393669
0.00428069
0.00465267
0.00505468
0.00548897
0.00595788
0.00646395
0.00700984
0.00759842
0.00823271
0.00891594
0.00965152
0.0104431
0.0112945
0.0122098
0.0131934
0.0142498
0.0153838
0.0166006
0.0179056
0.0193045
