0
0.006
0.012
0.018
0.024
0.03
0.036
0.042
0.048
0.054
0.06
0.066
0.072
0.078
0.084
0.09
0.096
0.102
0.108
0.114
0.12
0.126
0.132
0.138
0.144
0.15
0.156
0.162
0.168
0.174
0.18
0.186
0.192
0.198
0.204
0.21
0.216
0.222
0.228
0.234
0.24
0.246
0.252
0.258
0.264
0.27
0.276
0.282
0.288
0.294
0.3
0.306
0.312
0.318
0.324
0.33
0.336
0.342
0.348
0.354
0.36
0.366
0.372
0.378
0.384
0.39
0.396
0.402
0.408
0.414
0.42
0.426
0.432
0.438
0.444
0.45
0.456
0.462
0.468
0.474
0.48
0.486
0.492
0.498
0.504
0.51
0.516
0.522
0.528
0.534
0.54
0.546
0.552
0.558
0.564
0.57
0.576
0.582
0.588
0.594
