0
0.035
0.07
0.105
0.14
0.175
0.21
0.245
0.28
0.315
0.35
0.385
0.42
0.455
0.49
0.525
0.56
0.595
0.63
0.665
0.7
0.735
0.77
0.805
0.84
0.875
0.91
0.945
0.98
1.015
1.05
1.085
1.12
1.155
1.19
1.225
1.26
1.295
1.33
1.365
1.4
1.435
1.47
1.505
1.54
1.575
1.61
1.645
1.68
1.715
1.75
1.785
1.82
1.855
1.89
1.925
1.96
1.995
2.03
2.065
2.1
2.135
2.17
2.205
2.24
2.275
2.31
2.345
2.38
2.415
2.45
2.485
2.52
2.555
2.59
2.625
2.66
2.695
2.73
2.765
2.8
2.835
2.87
2.905
2.94
2.975
3.01
3.045
3.08
3.115
3.15
3.185
3.22
3.255
3.29
3.325
3.36
3.395
3.43
3.465
