0
-0.00912189
-0.0187865
-0.0289571
-0.0395951
-0.0506599
-0.0621092
-0.0738995
-0.0859855
-0.0983211
-0.110859
-0.123552
-0.13635
-0.149205
-0.162067
-0.174888
-0.187617
-0.200207
-0.21261
-0.224777
-0.236662
-0.24822
-0.259407
-0.27018
-0.280499
-0.290323
-0.299616
-0.308342
-0.31647
-0.323967
-0.330807
-0.336963
-0.342413
-0.347137
-0.351118
-0.354342
-0.356798
-0.358477
-0.359374
-0.359488
-0.35882
-0.357373
-0.355156
-0.352178
-0.348453
-0.343998
-0.338831
-0.332974
-0.326452
-0.319293
-0.311526
-0.303184
-0.294301
-0.284914
-0.276633
-0.272145
-0.263691
-0.254856
-0.246295
-0.237916
-0.229828
-0.227998
-0.21313
-0.202398
-0.19655
-0.191735
-0.179892
-0.172067
-0.163582
-0.154944
-0.138675
-0.140774
-0.129478
-0.120862
-0.112126
-0.103465
-0.102337
-0.0861298
-0.0813362
-0.0708654
-0.0608038
-0.0516702
-0.0431718
-0.0375847
-0.0242149
0.00131287
-0.0183684
0.000765855
0.0107311
0.019519
0.0281034
0.0367909
0.0586425
0.0272955
0.0501718
0.0728865
0.0810823
0.0901505
0.0974373
0.107695
