0
-2.114e-09
-4.23593e-09
-6.36584e-09
-8.50376e-09
-1.06497e-08
-1.28037e-08
-1.49658e-08
-1.7136e-08
-1.93144e-08
-2.1501e-08
-2.36957e-08
-2.58988e-08
-2.81101e-08
-3.03297e-08
-3.25576e-08
-3.47939e-08
-3.70387e-08
-3.92918e-08
-4.15534e-08
-4.38235e-08
-4.61022e-08
-4.83894e-08
-5.06852e-08
-5.29896e-08
-5.53027e-08
-5.76244e-08
-5.99549e-08
-6.22942e-08
-6.46422e-08
-6.69991e-08
-6.93648e-08
-7.17394e-08
-7.41229e-08
-7.65154e-08
-7.89169e-08
-8.13274e-08
-8.37469e-08
-8.61755e-08
-8.86133e-08
-9.10602e-08
-9.35163e-08
-9.59817e-08
-9.84563e-08
-1.0094e-07
-1.03433e-07
-1.05936e-07
-1.08448e-07
-1.10969e-07
-1.135e-07
-1.16041e-07
-1.18591e-07
-1.2115e-07
-1.23719e-07
-1.26298e-07
-1.28887e-07
-1.31485e-07
-1.34093e-07
-1.36711e-07
-1.39338e-07
-1.41976e-07
-1.44623e-07
-1.47281e-07
-1.49948e-07
-1.52625e-07
-1.55313e-07
-1.5801e-07
-1.60718e-07
-1.63436e-07
-1.66164e-07
-1.68902e-07
-1.71651e-07
-1.7441e-07
-1.77179e-07
-1.79958e-07
-1.82749e-07
-1.85549e-07
-1.8836e-07
-1.91182e-07
-1.94014e-07
-1.96857e-07
-1.99711e-07
-2.02575e-07
-2.0545e-07
-2.08336e-07
-2.11233e-07
-2.1414e-07
-2.17059e-07
-2.19988e-07
-2.22929e-07
-2.2588e-07
-2.28843e-07
-2.31817e-07
-2.34802e-07
-2.37798e-07
-2.40805e-07
-2.43824e-07
-2.46854e-07
-2.49895e-07
-2.52948e-07
-2.56013e-07
