0
-0.0125785
-0.0253151
-0.038212
-0.0512711
-0.0644945
-0.0778842
-0.0914423
-0.105171
-0.119072
-0.133148
-0.147402
-0.161834
-0.176448
-0.191246
-0.20623
-0.221403
-0.236766
-0.252323
-0.268075
-0.284025
-0.300176
-0.316531
-0.333091
-0.349859
-0.366838
-0.384031
-0.40144
-0.419068
-0.436917
-0.454991
-0.473293
-0.491825
-0.51059
-0.52959
-0.54883
-0.568312
-0.588039
-0.608014
-0.628241
-0.648721
-0.66946
-0.690459
-0.711722
-0.733253
-0.755055
-0.777131
-0.799484
-0.822119
-0.845038
-0.868246
-0.891746
-0.915541
-0.939635
-0.964033
-0.988737
-1.01375
-1.03908
-1.06473
-1.0907
-1.117
-1.14363
-1.17059
-1.19789
-1.22554
-1.25353
-1.28188
-1.31058
-1.33965
-1.36908
-1.39888
-1.42905
-1.4596
-1.49054
-1.52187
-1.55359
-1.58571
-1.61823
-1.65117
-1.68451
-1.71828
-1.75247
-1.7871
-1.82215
-1.85765
-1.8936
-1.92999
-1.96685
-2.00417
-2.04195
-2.08022
-2.11896
-2.15819
-2.19792
-2.23814
-2.27887
-2.32012
-2.36188
-2.40417
-2.44699
-2.49034
