0.0
1.3233991557835885
2.6619248308077124
4.009803563009732
5.361333487586599
6.710917395325123
8.053092638125666
9.382558089649011
10.694198370518437
11.983105546219969
13.244598502553233
14.474240198948154
15.667852994899352
16.821532239878003
17.93165831305616
18.994907296748025
20.00826046744137
20.969012791609792
21.87478062135218
22.72350879887237
23.513477401058076
24.243308389045065
24.911972477229224
25.51879660863909
26.063472529691282
26.546067114432425
26.967035325137104
27.32723706203564
27.627959738998648
27.8709493930331
28.058454834691435
28.19329252049636
28.27894628509379
28.31973082907131
28.32108789729314
28.290229240019254
28.238588786588675
28.18348911865005
28.12849696222448
28.07361210753347
28.018834345207846
27.964163466286962
27.9095992622179
27.85514152485467
27.80079004645743
27.746544619691672
27.692405037627456
27.638371093738595
27.58444258190189
27.530619296396324
27.476901031902294
27.42328758350082
27.369778746672758
27.316374317298035
27.26307409165485
27.209877866418918
27.156785438662677
27.103796605854523
27.050911165858036
26.99812891693121
26.945449657725682
26.892873187285957
26.84039930504866
26.788027810841747
26.73575850488376
26.683591187783055
26.63152566053705
26.57956172453146
26.527699181539532
26.475937833721304
26.42427748362284
26.372717934175487
26.321258988695103
26.26990045088133
26.21864212481683
26.16748381496655
26.116425326176955
26.065466463675314
26.014607033068927
25.963846840344402
25.913185691866907
25.86262339437944
25.81215975500208
25.76179458123126
25.711527680939025
25.66135886237231
25.611287934152198
25.561314705273194
25.5114389851025
25.46166058337928
25.411979310213944
25.362394976087412
25.312907391850402
25.2635163687227
25.214221718292446
25.16502325251541
25.115920783714284
25.066914124577952
25.018003088160786
24.96918748788193
24.920467137524586
24.87184185123531
24.8233114435233
24.774875729259676
24.726534523676797
24.67828764236754
24.6301349012846
24.582076116739785
24.534111105403326
24.486239684303168
24.43846167082427
24.39077688270792
24.34318513805103
24.295686255305444
24.248280053277245
24.200966351126066
24.1537449683644
24.10661572485691
24.059578440819738
24.012632936819834
23.965779033774254
23.919016552949486
23.872345315960764
23.83131996512697
23.81657732350071
23.839492034702037
23.906154127830504
24.019843617453716
24.18185415778443
24.39195180354277
24.64868761373664
24.949635681685294
25.291586476275196
25.67070994777575
26.082696180388876
26.522878180746666
26.986339750616022
27.468010502765168
27.96274957555825
28.465419305038
28.970949930482558
29.474396291269027
29.97098739255846
30.45616966048739
30.92564466703827
31.375402077819622
31.801748562941377
32.201333414943726
32.57117164408709
32.9086653798638
33.21162451405721
33.47828770114578
33.7073451312194
33.897964989614735
34.049826369576095
34.163162920352526
34.23882437677571
34.278368995068504
34.28421349658111
34.259904549135214
34.21071611738202
34.146052443302814
34.07942602067031
34.01292960077239
33.94656292994525
33.88032575502007
33.81421782332199
33.748238882669185
33.68238868137189
33.61666696823144
33.551073492539324
33.485608004076205
33.42027025311098
33.35505999039983
33.289976967185275
33.2250209351952
33.16019164664192
33.09548885422126
33.030912311111564
32.9664617709728
32.90213698794559
32.83793771665028
32.77386371218601
32.70991473012977
32.646090526535474
32.582390857933035
32.518815481327415
32.45536415419773
32.3920366344963
32.32883268064772
32.26575205154798
32.202794506563485
32.1399598055302
32.077247708752665
32.01465797700316
31.95219037152072
31.889844654010272
31.827620586641693
31.765517932048937
31.703536453329097
31.64167591404152
31.579936078206906
31.51831671030639
31.45681757528067
31.395438438529084
31.334179065908735
31.273039223733587
31.21201867877358
31.151117198253726
31.090334549853246
31.029670501704665
30.969124822392928
30.908697280954524
30.848387646876603
30.788195690096096
30.728121180998837
30.66816389041869
30.608323589636665
30.548600050380063
30.488993044821587
30.42950234557848
30.37012772571167
30.31086895872488
30.25172581856378
30.192698079615127
30.133785516705892
30.074987905102414
30.01630502050953
29.957736639069733
29.899282537362307
29.840942492402476
29.782716281640564
29.724603682961128
29.66660447468213
29.608718435554078
29.550945344759185
29.49328498191053
29.435737127051215
29.378301560653526
29.320978063618096
29.263766417273068
29.20666640337326
29.149677804099337
29.092800402056977
29.036033980276038
28.97937832220974
28.922833211733828
28.866398433145758
28.810073771163864
28.753859010926544
28.697753937991436
28.641758338334608
28.585871998349727
28.53228163529585
28.498133774188037
28.49586876301489
28.53144018414471
28.60788075777161
28.726248494319492
28.886120048634826
29.085916040491533
29.323143729595373
29.5945912737087
29.896489772134657
30.224651723964005
30.5745909664596
30.941627342968307
31.320978367862782
31.70783959906065
32.09745509921099
32.48517916416669
32.866530368994994
33.23723889953592
33.593288087299044
33.9309510416468
34.246823276089145
34.5378522608566
34.801364913928936
35.03509418920892
35.237206171809845
35.40632951525526
35.54158978325438
35.64265254873248
35.70978151513631
35.74392279705663
35.74683747534739
35.721333657325296
35.67175077282127
35.6056078117162
35.53613347707416
35.466794702066416
35.397591222186456
35.328522773443865
35.259589092363335
35.190789915983665
35.122124981856736
35.05359402804653
34.985196793128125
34.91693301618668
34.848802436816484
34.78080479511991
34.712939831706464
34.64520728769177
34.577606904696594
34.51013842484586
34.442801590767665
34.37559614559228
34.30852183295121
34.241578396976166
34.17476558229813
34.10808313404635
34.04153079784741
33.975108319824194
33.908815446594986
33.84265192527246
33.77661750346274
33.710711929264406
33.64493495126757
33.5792863185529
33.513765780690655
33.44837308773973
33.38310799024673
33.31797023924497
33.25295958625359
33.18807578327654
33.12331858280167
33.0586877377998
32.994183001723734
32.92980412850736
32.86555087256468
32.80142298878891
32.73742023255149
32.67354235970122
32.60978912656327
32.54616028993828
32.48265560710142
32.419274835801474
32.356017734259915
32.29288406116997
32.22987357569571
32.16698603747114
32.104221206599256
32.04157884365115
31.979058709665107
31.91666056614566
31.8543841750627
31.792229298850586
31.730195700407197
31.668283143093063
31.606491390730444
31.544820207602438
31.483269358452073
31.421838608481423
31.360527723350696
31.299336469177355
31.238264612535215
31.177311920453555
31.116478160416236
31.055763100360803
30.995166508677613
30.93468815420894
30.87432780624809
30.814085234538542
30.75396020927305
30.69395250109277
30.63406188108639
30.574288120789248
30.514630992182475
30.455090267692114
30.395665720188255
30.336357122984165
30.277164249835426
30.21808687493908
30.15912477293275
30.1002777188938
30.04154548833846
29.98292785722098
29.92442460193277
29.866035499301553
29.807760326590508
29.74959886149742
29.691550875924552
29.641529556486372
29.6170069141232
29.62629436876455
29.67365705192243
29.761000749442342
29.888544685694775
30.05521914646004
30.258944830400857
30.496848743285472
30.765440513921384
31.060761110012994
31.378510645181557
31.714159380867436
32.063044668874916
32.42045582820027
32.78170851422414
33.142209876225415
33.49751563655016
33.84338012276503
34.17580022283754
34.491054204110206
34.785736338472006
35.05678831411094
35.30152850149994
35.51768030177141
35.70340108208716
35.85731367284526
35.978543214171545
36.06676359635625
36.122260507525276
36.146023816781394
36.13989530808422
36.10683479007384
36.051509352318654
35.9827147144007
35.91250456164564
35.84243140426708
35.77249497495706
35.70269500692919
35.63303123391763
35.56350339017609
35.49411121047682
35.42485443010957
35.35573278488061
35.2867460111117
35.217893845639104
35.14917602581257
35.080592289494334
35.01214237505812
34.94382602138815
34.87564296787812
34.807592954430255
34.73967572145427
34.67189100986639
34.60423856108839
34.53671811704657
34.469329420170794
34.4020722133935
34.33494624014874
34.26795124437115
34.20108697049502
34.13435316345331
34.067749568676675
34.001275932092476
33.93493200012384
33.86871751968866
33.80263223819867
33.736675903558435
33.670848264164434
33.60514906890407
33.53957806715472
33.47413500878279
33.40881964414273
33.34363172407613
33.278570999910734
33.213637223459486
33.148830147019616
33.084149523371664
33.019595105778556
32.95516664798465
32.890863904214804
32.826686629173444
32.76263457804362
32.69870750648606
32.63490517063827
32.571227327113576
32.5076737330002
32.44424414586035
32.380938323729275
32.31775602511434
32.25469700899414
32.19176103481754
32.12894786250277
32.06625725243652
32.00368896547302
31.941242762933108
31.87891840660336
31.81671565873515
31.754634282043742
31.692674039707413
31.630834695366513
31.569116013122592
31.50751775753749
31.44603969363243
31.384681586887137
31.323443203238934
31.262324309081855
31.201324671265745
31.14044405709538
31.07968223432957
31.019038971180287
30.958514036311765
30.89810719883963
30.837818228330004
30.77764689479865
30.71759296871007
30.657656220976644
30.59783642295775
30.538133346458903
30.478546763730858
30.419076447468775
30.359722170811327
30.300483707339843
30.24136083107745
30.1823533164882
30.123460938476217
30.06468347238484
30.00602069399575
29.9527485469824
29.92274366825483
