Precision: 1.000000e-10
Bisection method:
-2.500000e-01
1.250000e-01
-6.250000e-02
3.125000e-02
-1.562500e-02
7.812500e-03
-3.906250e-03
1.953125e-03
-9.765625e-04
4.882812e-04
-2.441406e-04
1.220703e-04
-6.103516e-05
3.051758e-05
-1.525879e-05
7.629395e-06
-3.814697e-06
1.907349e-06
-9.536743e-07
4.768372e-07
-2.384186e-07
1.192093e-07
-5.960464e-08
2.980232e-08
-1.490116e-08
7.450581e-09
-3.725290e-09
1.862645e-09
-9.313226e-10
4.656613e-10
-2.328306e-10
1.164153e-10
-5.820766e-11
2.910383e-11
Result: 2.910383e-11
Iterations count: 36
Newton method:
0.000000e+00
Result: 0.000000e+00
Iterations count: 4
Secant method:
0.000000e+00
Result: 0.000000e+00
Iterations count: 3
