0.0
3.125E-5
6.25E-5
9.375E-5
1.25E-4
1.5625E-4
1.875E-4
2.1875E-4
2.5E-4
2.65625E-4
2.734375E-4
2.8125000000000003E-4
2.8906250000000004E-4
2.9687500000000005E-4
3.0468750000000005E-4
3.1250000000000006E-4
3.2031250000000007E-4
3.281250000000001E-4
3.359375000000001E-4
3.437500000000001E-4
3.515625000000001E-4
3.593750000000001E-4
3.671875000000001E-4
3.750000000000001E-4
3.828125000000001E-4
3.9062500000000013E-4
3.9843750000000014E-4
4.0625000000000014E-4
4.1406250000000015E-4
4.2187500000000016E-4
4.2968750000000016E-4
4.3750000000000017E-4
4.453125000000002E-4
4.531250000000002E-4
4.609375000000002E-4
4.687500000000002E-4
4.765625000000002E-4
4.843750000000002E-4
4.921875000000002E-4
5.000000000000002E-4
5.078125000000002E-4
5.156250000000002E-4
5.234375000000002E-4
5.312500000000003E-4
5.390625000000003E-4
5.468750000000003E-4
5.546875000000003E-4
5.625000000000003E-4
5.703125000000003E-4
5.781250000000003E-4
5.859375000000003E-4
5.937500000000003E-4
6.015625000000003E-4
6.093750000000003E-4
6.171875000000003E-4
6.250000000000003E-4
6.328125000000003E-4
6.406250000000004E-4
6.484375000000004E-4
6.562500000000004E-4
6.640625000000004E-4
6.718750000000004E-4
6.796875000000004E-4
6.875000000000004E-4
6.953125000000004E-4
7.031250000000004E-4
7.109375000000004E-4
7.187500000000004E-4
7.265625000000004E-4
7.343750000000004E-4
7.421875000000004E-4
7.500000000000004E-4
7.578125000000005E-4
7.656250000000005E-4
7.734375000000005E-4
7.812500000000005E-4
7.890625000000005E-4
7.968750000000005E-4
8.046875000000005E-4
8.125000000000005E-4
8.203125000000005E-4
8.281250000000005E-4
8.359375000000005E-4
8.437500000000005E-4
8.515625000000005E-4
8.593750000000005E-4
8.671875000000006E-4
8.750000000000006E-4
8.828125000000006E-4
8.906250000000006E-4
8.984375000000006E-4
9.062500000000006E-4
9.140625000000006E-4
9.218750000000006E-4
9.296875000000006E-4
9.375000000000006E-4
9.453125000000006E-4
9.531250000000006E-4
9.609375000000006E-4
9.687500000000006E-4
9.765625000000007E-4
9.843750000000007E-4
9.921875000000007E-4
0.0010000000000000007
0.0010078125000000007
0.0010156250000000007
0.0010234375000000007
0.0010312500000000007
0.0010390625000000007
0.0010468750000000007
0.0010546875000000007
0.0010625000000000007
0.0010703125000000007
0.0010781250000000007
0.0010859375000000007
0.0010937500000000008
0.0011015625000000008
0.0011093750000000008
0.0011171875000000008
0.0011250000000000008
0.0011328125000000008
0.0011406250000000008
0.0011484375000000008
0.0011562500000000008
0.0011640625000000008
0.0011718750000000008
0.0011796875000000008
0.0011875000000000008
0.0011953125000000008
0.0012031250000000009
0.0012109375000000009
0.0012187500000000009
0.0012265625000000009
0.0012343750000000009
0.0012421875000000009
0.001250000000000001
0.001257812500000001
0.001265625000000001
0.001273437500000001
0.001281250000000001
0.001289062500000001
0.001296875000000001
0.001304687500000001
0.001312500000000001
0.001320312500000001
0.001328125000000001
0.001335937500000001
0.001343750000000001
0.001351562500000001
0.001359375000000001
0.001367187500000001
0.001375000000000001
0.001382812500000001
0.001390625000000001
0.001398437500000001
0.001406250000000001
0.001414062500000001
0.001421875000000001
0.001429687500000001
0.001437500000000001
0.001445312500000001
0.001453125000000001
0.001460937500000001
0.001468750000000001
0.001476562500000001
0.001484375000000001
0.0014921875000000011
0.0015000000000000011
0.0015078125000000011
0.0015156250000000011
0.0015234375000000011
0.0015312500000000011
0.0015390625000000012
0.0015468750000000012
0.0015546875000000012
0.0015625000000000012
0.0015703125000000012
0.0015781250000000012
0.0015859375000000012
0.0015937500000000012
0.0016015625000000012
0.0016093750000000012
0.0016171875000000012
0.0016250000000000012
0.0016328125000000012
0.0016406250000000012
0.0016484375000000012
0.0016562500000000013
0.0016640625000000013
0.0016718750000000013
0.0016796875000000013
0.0016875000000000013
0.0016953125000000013
0.0017031250000000013
0.0017109375000000013
0.0017187500000000013
0.0017265625000000013
0.0017343750000000013
0.0017421875000000013
0.0017500000000000013
0.0017578125000000013
0.0017656250000000014
0.0017734375000000014
0.0017812500000000014
0.0017890625000000014
0.0017968750000000014
0.0018046875000000014
0.0018125000000000014
0.0018203125000000014
0.0018281250000000014
0.0018359375000000014
0.0018437500000000014
0.0018515625000000014
0.0018593750000000014
0.0018671875000000014
0.0018750000000000014
0.0018828125000000015
0.0018906250000000015
0.0018984375000000015
0.0019062500000000015
0.0019140625000000015
0.0019218750000000015
0.0019296875000000015
0.0019375000000000015
0.0019453125000000015
0.0019531250000000013
0.0019609375000000013
0.0019687500000000013
0.0019765625000000013
0.0019843750000000013
0.0019921875000000013
0.0020000000000000013
0.0020078125000000013
0.0020156250000000014
0.0020234375000000014
0.0020312500000000014
0.0020390625000000014
0.0020468750000000014
0.0020546875000000014
0.0020625000000000014
0.0020703125000000014
0.0020781250000000014
0.0020859375000000014
0.0020937500000000014
0.0021015625000000014
0.0021093750000000014
0.0021171875000000014
0.0021250000000000015
0.0021328125000000015
0.0021406250000000015
0.0021484375000000015
0.0021562500000000015
0.0021640625000000015
0.0021718750000000015
0.0021796875000000015
0.0021875000000000015
0.0021953125000000015
0.0022031250000000015
0.0022109375000000015
0.0022187500000000015
0.0022265625000000015
0.0022343750000000016
0.0022421875000000016
0.0022500000000000016
0.0022578125000000016
0.0022656250000000016
0.0022734375000000016
0.0022812500000000016
0.0022890625000000016
0.0022968750000000016
0.0023046875000000016
0.0023125000000000016
0.0023203125000000016
0.0023281250000000016
0.0023359375000000016
0.0023437500000000016
0.0023515625000000017
0.0023593750000000017
0.0023671875000000017
0.0023750000000000017
0.0023828125000000017
0.0023906250000000017
0.0023984375000000017
0.0024062500000000017
0.0024140625000000017
0.0024218750000000017
0.0024296875000000017
0.0024375000000000017
0.0024453125000000017
0.0024531250000000017
0.0024609375000000018
0.0024687500000000018
0.0024765625000000018
0.0024843750000000018
0.0024921875000000018
0.002500000000000002
0.002507812500000002
0.002515625000000002
0.002523437500000002
0.002531250000000002
0.002539062500000002
0.002546875000000002
0.002554687500000002
0.002562500000000002
0.002570312500000002
0.002578125000000002
0.002585937500000002
0.002593750000000002
0.002601562500000002
0.002609375000000002
0.002617187500000002
0.002625000000000002
0.002632812500000002
0.002640625000000002
0.002648437500000002
0.002656250000000002
0.002664062500000002
0.002671875000000002
0.002679687500000002
0.002687500000000002
0.002695312500000002
0.002703125000000002
0.002710937500000002
0.002718750000000002
0.002726562500000002
0.002734375000000002
0.002742187500000002
0.002750000000000002
0.002757812500000002
0.002765625000000002
0.002773437500000002
0.002781250000000002
0.002789062500000002
0.002796875000000002
0.002804687500000002
0.002812500000000002
0.002820312500000002
0.002828125000000002
0.002835937500000002
0.002843750000000002
0.002851562500000002
0.002859375000000002
0.002867187500000002
0.002875000000000002
0.002882812500000002
0.002890625000000002
0.002898437500000002
0.002906250000000002
0.002914062500000002
0.002921875000000002
0.002929687500000002
0.002937500000000002
0.002945312500000002
0.002953125000000002
0.002960937500000002
0.002968750000000002
0.002976562500000002
0.0029843750000000022
0.0029921875000000022
0.0030000000000000022
0.0030078125000000022
0.0030156250000000022
0.0030234375000000023
0.0030312500000000023
0.0030390625000000023
0.0030468750000000023
0.0030546875000000023
0.0030625000000000023
0.0030703125000000023
0.0030781250000000023
0.0030859375000000023
0.0030937500000000023
0.0031015625000000023
0.0031093750000000023
0.0031171875000000023
0.0031250000000000023
0.0031328125000000023
0.0031406250000000024
0.0031484375000000024
0.0031562500000000024
0.0031640625000000024
0.0031718750000000024
0.0031796875000000024
0.0031875000000000024
0.0031953125000000024
0.0032031250000000024
0.0032109375000000024
0.0032187500000000024
0.0032265625000000024
0.0032343750000000024
0.0032421875000000024
0.0032500000000000025
0.0032578125000000025
0.0032656250000000025
0.0032734375000000025
0.0032812500000000025
0.0032890625000000025
0.0032968750000000025
0.0033046875000000025
0.0033125000000000025
0.0033203125000000025
0.0033281250000000025
0.0033359375000000025
0.0033437500000000025
0.0033515625000000025
0.0033593750000000026
0.0033671875000000026
0.0033750000000000026
0.0033828125000000026
0.0033906250000000026
0.0033984375000000026
0.0034062500000000026
0.0034140625000000026
0.0034218750000000026
0.0034296875000000026
0.0034375000000000026
0.0034453125000000026
0.0034531250000000026
0.0034609375000000026
0.0034687500000000026
0.0034765625000000027
0.0034843750000000027
0.0034921875000000027
0.0035000000000000027
0.0035078125000000027
0.0035156250000000027
0.0035234375000000027
0.0035312500000000027
0.0035390625000000027
0.0035468750000000027
0.0035546875000000027
0.0035625000000000027
0.0035703125000000027
0.0035781250000000027
0.0035859375000000028
0.0035937500000000028
0.0036015625000000028
0.0036093750000000028
0.0036171875000000028
0.003625000000000003
0.003632812500000003
0.003640625000000003
0.003648437500000003
0.003656250000000003
0.003664062500000003
0.003671875000000003
0.003679687500000003
0.003687500000000003
0.003695312500000003
0.003703125000000003
0.003710937500000003
0.003718750000000003
0.003726562500000003
0.003734375000000003
0.003742187500000003
0.003750000000000003
0.003757812500000003
0.003765625000000003
0.003773437500000003
0.003781250000000003
0.003789062500000003
0.003796875000000003
0.003804687500000003
0.003812500000000003
0.003820312500000003
0.003828125000000003
0.003835937500000003
0.003843750000000003
0.003851562500000003
0.003859375000000003
0.003867187500000003
0.003875000000000003
0.003882812500000003
0.003890625000000003
0.003898437500000003
0.003906250000000003
0.003914062500000003
0.003921875000000003
0.003929687500000003
0.003937500000000003
0.003945312500000003
0.003953125000000003
0.003960937500000003
0.003968750000000003
0.003976562500000003
0.003984375000000003
0.003992187500000003
