0.0
5.36133276482331
10.694196853570759
15.667850727506512
20.00825755839918
23.513473968115694
26.06346861678552
27.627955084816495
28.278938586835785
28.321080075556843
28.29022154786268
28.238581175991552
28.18348152290287
28.128489381298266
28.073604541399302
28.018826793836862
27.964155929650357
27.90959174028692
27.855134017600626
27.800782553851683
27.74653714170564
27.69239757423261
27.63836364490647
27.584435147604065
27.530611876604443
27.47689362658805
27.423280192635964
27.3697713702291
27.31636695524743
27.26306674396922
27.20987053307023
27.156778119622956
27.10378930109585
27.05090387535255
26.998121640651096
26.945442395643184
26.892865939373372
26.840392071278337
26.788020591186093
26.735751299315236
26.683583996274177
26.631518483060383
26.57955456105962
26.527692032045195
26.475930698177198
26.424270362001746
26.37271082645023
26.321251894838575
26.26989337086647
26.21863505861663
26.167476762554053
26.11641828752526
26.065459438757568
26.01460002185833
25.963839842814213
25.913178707990433
25.86261642413004
25.81215279835316
25.761787638156285
25.71152075141151
25.66135194636582
25.61128103164035
25.561307816229657
25.511432109500994
25.461653721193578
25.411972461417868
25.362388140654836
25.31290056975525
25.26350955993895
25.214214922794124
25.165016470276594
25.115914014709098
25.066907368780576
25.01799634554545
24.96918075842291
24.920460421196218
24.87183514801197
24.823304753379414
24.774869052169727
24.726527859615313
24.678280991309098
24.630128263203826
24.58206949161136
24.534104493201976
24.48623308500367
24.43845508440145
24.390770309136656
24.343178577306244
24.295679707362105
24.248273518110373
24.200959828710733
24.153738458675726
24.10660922787006
24.059571956509934
24.012626465162338
23.965772574744378
23.91901010652259
23.87233888211226
23.83131359808355
23.816571070906047
23.83948592299678
23.906148175364713
24.019837837233847
24.181848558792307
24.391946391549798
24.648682391884055
24.949630650936864
25.291581635790877
25.670705295230505
26.082691712249527
26.52287389251398
26.98633563703629
27.468006558014146
27.9627457933996
28.46541567895809
28.970946453803393
29.474392957241072
29.97098419443518
30.45616659158333
30.925641720772482
31.3753992477462
31.80174584276876
32.201330798544305
32.57116912549846
32.908662953282736
33.211622173827266
33.478285441738954
33.70734294721195
33.89796287565659
34.04982432035247
34.163160930535206
34.23882244095932
34.278367107684424
34.28421165177973
34.259902740650446
34.21071433884788
34.146050670915336
34.079424251741145
34.01292783529479
33.94656116791249
33.880323996425425
33.81421606815875
33.748237130930654
33.68238693305138
33.61666522332229
33.551071751034875
33.48560626596981
33.42026851839601
33.35505825906967
33.28997523923332
33.22501921061485
33.160189925426614
33.09548713636442
33.030910596606645
32.96646005981326
32.902135280124895
32.83793601216192
32.773862011023475
32.70991303228657
32.64608883200514
32.5823891667091
32.51881379340343
32.455362469567255
32.3920349531529
32.32883100258499
32.26575037675951
32.2027928350429
32.13995813727111
32.077246043748715
32.014656315248
31.952188713008006
31.889842998733677
31.827618934594906
31.765516283225654
31.703534807723027
31.64167427164639
31.579934439016448
31.51831507431435
31.45681594248081
31.395436808915175
31.33417743947456
31.27303760047294
31.212017058680267
31.151115581321573
31.090332936076084
31.029668891076334
30.969123214907285
30.908695676605436
30.848386045657954
30.788194092001774
30.72811958602275
30.668162298554748
30.6083220008788
30.54859846472221
30.4889914622577
30.429500766102525
30.370126149317617
30.310867385406716
30.251724248315504
30.19269651243075
30.133783952579435
30.07498634402791
30.016303462481027
29.957735084081285
29.89928098540798
29.84094094347635
29.782714735736732
29.724602140073696
29.66660293480521
29.60871689868179
29.550943810885673
29.493283451029942
29.435735599157713
29.37830003574128
29.320976541681286
29.26376489830589
29.206664887369918
29.14967629105405
29.09279889196397
29.036032473129552
28.979376818004027
28.92283171046315
28.86639693480439
28.810072275746087
28.753857518426653
28.69775244840374
28.641756851653422
28.585870514569383
28.53228016573208
28.49813233038368
28.495867349853917
28.531438805315606
28.607879415990954
28.726247191496263
28.886118785991926
29.085914818664193
29.32314254871736
29.59459013349134
29.896488671940556
30.22465066287578
30.574589943343195
30.941626356530243
31.320977416700735
31.707838681706967
32.0974542141689
32.485178309939364
32.86652954410765
33.237238102551515
33.59328731682819
33.93095029635252
34.24682255468733
34.53785156211281
34.80136423665239
35.03509353224415
35.237205534026714
35.40632889553778
35.541589180488735
35.64265196179474
35.709780942881025
35.74392223830959
35.746836928915556
35.721333122085916
35.67175024836634
35.60560733763245
35.53613300391545
35.466794229830946
35.39759075087242
35.32852230304946
35.259588622886774
35.19078944742316
35.12212451421049
35.053593561312766
34.985196327305054
34.91693255127254
34.84880197280949
34.7808043320183
34.71293936950847
34.64520682639562
34.57760644430054
34.51013796534814
34.44280113216653
34.37559568788598
34.308521376137996
34.241577941054295
34.17476512726586
34.10808267990195
34.041530344589134
33.975107867450326
33.908814995103796
33.84265147466223
33.77661705373175
33.71071148041094
33.644934503289925
33.57928587144936
33.51376533445951
33.448372642379276
33.383107545755266
33.31796979562081
33.25295914349503
33.1880753413819
33.12331814176927
33.05868729762795
32.99418256241076
32.92980369005158
32.865550434964426
32.8014225520425
32.73741979665728
32.673541924657535
32.609788692368454
32.54615985659067
32.482655174599365
32.41927440414333
32.35601730344403
32.2928836311947
32.22987314655941
32.16698560917218
32.104220779136
32.041578417021974
31.979058283868373
31.916660141179747
31.854383750925994
31.79222887554146
31.73019527792404
31.668282721434263
31.60649096989439
31.544819787587528
31.483268939256707
31.421838190103998
31.360527305789617
31.29933605243103
31.238264196602053
31.17731150533197
31.116477746104646
31.055762686857626
30.995166095981272
30.93468774231786
30.8743273951607
30.814084824253275
30.753959799788337
30.69395209240705
30.634061473198102
30.57428771369684
30.514630585884394
30.45508986218681
30.39566531547418
30.336356719059772
30.277163846699178
30.218086472589437
30.159124371368183
30.100277318112774
30.041545088339443
29.982927458002447
29.9244242034932
29.866035101639426
29.807759929704307
29.74959846538563
29.691550480591303
29.641529170969136
29.61700653713992
29.626294000408738
29.673656692522204
29.761000399305434
29.88854434502918
30.05521881534622
30.258944508786872
30.496848430995293
30.76544021067146
31.06076081543377
31.37851035884138
31.714159102296783
32.06304439758932
32.42045556372071
32.781708256094085
33.14220962402401
33.4975153899015
33.843379881343466
34.1757999863694
34.4910539723724
34.78573611128795
35.05678809134449
35.30152828304787
35.51768008755516
35.7034008720444
35.857313466921994
35.97854301231575
36.06676339851431
36.122260313644375
36.14602362682554
36.13989512208932
36.10683460835555
36.051509176785565
35.98271450367968
35.912504351335784
35.842431194367585
35.77249476546712
35.70269479784801
35.633031025244414
35.56350318191004
35.494111002617146
35.424854222655476
35.355732577831304
35.28674580446639
35.217893639397005
35.149175819972896
35.0805920840563
35.012142170020944
34.943825816751044
34.875642763640315
34.80759275059096
34.73967551801271
34.67189080682179
34.60423835843997
34.53671791479356
34.469329218312424
34.40207201192901
34.334946039077344
34.267951043692086
34.20108677020753
34.13435296355663
34.06774936917004
34.001275732975124
33.93493180139501
33.868717321347596
33.80263204024461
33.73667570599063
33.670848066982124
33.605148872106504
33.53957787074115
33.47413481275246
33.4088194484949
33.34363152881006
33.278570805025666
33.213637028954686
33.14882995289434
33.08414932962517
33.0195949124101
32.955166454993496
32.89086371160022
32.82668643693469
32.76263438617997
32.69870731499678
32.63490497952263
32.571227136370844
32.50767354262965
32.444243955861246
32.380938134100894
32.31775583585597
32.25469682010505
32.191760846297015
32.12894767435009
32.06625706465096
32.00368877805387
31.941242575879656
31.87891821991489
31.816715472410948
31.7546340960831
31.69267385410962
31.630834510130864
31.56911582824838
31.507517573024003
31.44603950947897
31.384681403093005
31.323443019803427
31.262324126004273
31.20132448854539
31.140443874731552
31.079682052321576
31.019038789527432
30.958513855013354
30.89810701789497
30.837818047738406
30.777646714559424
30.71759278882253
30.657656041440102
30.597836243771525
30.538133167622306
30.478546585243212
30.419076269329395
30.359721993019534
30.30048352989496
30.241360653978802
30.18235313973511
30.12346076206801
30.06468329632084
30.006020518275292
29.952748379028236
29.922743505132296
