0.0
0.024444444444444446
0.04888888888888889
0.07333333333333333
0.09777777777777778
0.12222222222222223
0.14666666666666667
0.1711111111111111
0.19555555555555554
0.21999999999999997
0.2444444444444444
0.26888888888888884
0.2933333333333333
0.3177777777777777
0.34222222222222215
0.3666666666666666
0.391111111111111
0.41555555555555546
0.4399999999999999
0.4644444444444443
0.48888888888888876
0.5133333333333332
0.5377777777777777
0.5622222222222222
0.5866666666666667
0.6111111111111112
0.6355555555555557
0.6600000000000001
0.6844444444444446
0.7088888888888891
