0.0
-0.003589639782106811
-0.0077456754491470915
-0.012250639073396807
-0.016868631175843855
-0.0213577861923797
-0.025483053201083218
-0.02902861654892393
-0.03180930004472335
-0.03368035209580325
-0.03454509472024545
-0.034360032244179155
-0.033137149729315814
-0.030943279676742978
-0.027896570471661844
-0.024160243184072363
-0.019933966629617945
-0.015483451027000251
-0.010975698749188002
-0.006683767816803715
-0.0028368886118945447
3.592185406492143E-4
0.0036191105427740566
0.0068634606940670695
0.010117739298234354
0.013381976738610524
0.016656203491509453
0.019940450126510967
0.023234747306743922
0.0265391257891735
