0.0
-3.2691449960135486E-5
-1.468557973453267E-4
-5.033157550771221E-4
-0.0015091298700080952
-0.004081938973392338
-0.01005503235231088
-0.022650362090295598
-0.04679102363131325
-0.08888420941695126
-0.1557411809436163
-0.2526475487667974
-0.38118131154772894
-0.5378356956516792
-0.7143893217311207
-0.9001656574581142
-1.0852737925873386
-1.2633561590729265
-1.4326612568935975
-1.5954123357397456
-1.7561201483317506
-1.9199066490147885
-2.0915657171963447
-2.275313421272034
-2.47480956538575
-2.6929759017636563
-2.9309033224320724
-3.1907864606097327
-3.4740818637270725
-3.7828914223397216
