0.0
-0.019303631650914997
-0.03550499700339361
-0.04853878757498388
-0.05833832001806455
-0.06483550717637188
-0.0679608285322158
-0.05976120953419463
-0.0522661342100975
-0.04549043451622335
-0.03944925464916967
-0.03415805761907378
-0.029632631961230657
-0.02588909858900354
-0.022943917791001384
-0.020813896375559957
-0.019516194965627592
-0.019068335447220544
-0.019488208574684168
-0.02037230919442565
-0.02130591372180436
-0.022290392859753018
-0.023327153083716346
-0.02441763754033835
-0.02556332696813213
-0.02676574064066389
-0.028026437332784874
-0.029347016310472342
-0.0307291183448364
-0.032174426750875715
