0.0
0.16666666666666666
0.3333333333333333
0.5
0.6666666666666666
0.8333333333333333
0.9999999999999999
1.1666666666666665
1.3333333333333333
1.5
1.6666666666666667
1.8333333333333335
2.0
2.1666666666666665
2.333333333333333
2.4999999999999996
2.666666666666666
2.8333333333333326
2.999999999999999
3.1666666666666656
3.333333333333332
3.4999999999999987
3.666666666666665
3.8333333333333317
3.9999999999999982
4.166666666666665
4.333333333333332
4.499999999999999
4.666666666666666
4.833333333333333
