0.0
-3.270768088131983E-5
-1.469665337265264E-4
-5.037563596532598E-4
-0.0015105334832056405
-0.004085835611245143
-0.010064744028669902
-0.0226723606722152
-0.04679102398837618
-0.08888419496483796
-0.1557411023059456
-0.25264744926060834
-0.3811821225200408
-0.5378402582020824
-0.7144022502857079
-0.9001875361640729
-1.0852876576289807
-1.2633174024323588
-1.4325605650849897
-1.5953424942265073
-1.7563386193533534
-1.9208064222662375
-2.0934139691450055
-2.2778130345844954
-2.476737604308178
-2.6923176914439217
-2.9263901272285002
-3.180718551346636
-3.457121336953887
-3.75753786475167
