0.0
-0.019301922725700735
-0.03549811341767846
-0.04852319063329974
-0.058310396528814146
-0.06483550717637188
-0.0679608285322158
-0.05953236053676968
-0.05180447595750899
-0.04479192337993243
-0.03850976187472729
-0.032973367534061285
-0.028198440145474526
-0.02420101000627052
-0.0209974448813611
-0.018567838829151223
-0.01699357749665309
-0.016263335954315866
-0.016394882390409427
-0.016984616417119024
-0.017617717840429648
-0.018295428821251934
-0.01901902460049428
-0.019789814341354628
-0.02060914199240866
-0.021478387172011986
-0.022398966074515192
-0.023372332398830707
-0.024399978299883402
-0.025483435363500794
