7.07107
7.28969
7.50111
7.70513
7.90155
8.09017
8.27081
8.44328
8.60742
8.76307
8.91007
9.04827
9.17755
9.29776
9.40881
9.51057
9.60294
9.68583
9.75917
9.82287
9.87688
9.92115
9.95562
9.98027
9.99507
10
9.99507
9.98027
9.95562
9.92115
9.87688
9.82287
9.75917
9.68583
9.60294
9.51057
9.40881
9.29776
9.17755
9.04827
8.91007
8.76307
8.60742
8.44328
8.27081
8.09017
7.90155
7.70513
7.50111
7.28969
7.07107
6.84547
6.61312
6.37424
6.12907
5.87785
5.62083
5.35827
5.09041
4.81754
4.5399
4.25779
3.97148
3.68125
3.38738
3.09017
2.78991
2.4869
2.18143
1.87381
1.56434
1.25333
0.941083
0.627905
0.314108
-1.2098e-14
-0.314108
-0.627905
-0.941083
-1.25333
-1.56434
-1.87381
-2.18143
-2.4869
-2.78991
-3.09017
-3.38738
-3.68125
-3.97148
-4.25779
-4.5399
-4.81754
-5.09041
-5.35827
-5.62083
-5.87785
-6.12907
-6.37424
-6.61312
-6.84547
