0
-0.00442218
-0.00884989
-0.0132831
-0.0177219
-0.0221663
-0.0266162
-0.0310717
-0.0355327
-0.0399993
-0.0444715
-0.0489493
-0.0534328
-0.0579218
-0.0624164
-0.0669166
-0.0714225
-0.075934
-0.0804512
-0.084974
-0.0895025
-0.0940366
-0.0985764
-0.103122
-0.107673
-0.11223
-0.116792
-0.121361
-0.125935
-0.130514
-0.1351
-0.139691
-0.144288
-0.148891
-0.153499
-0.158113
-0.162733
-0.167359
-0.17199
-0.176628
-0.181271
-0.18592
-0.190574
-0.195235
-0.199901
-0.204573
-0.209252
-0.213935
-0.218625
-0.223321
-0.228022
-0.23273
-0.237443
-0.242162
-0.246887
-0.251618
-0.256355
-0.261098
-0.265847
-0.270601
-0.275362
-0.280129
-0.284901
-0.28968
-0.294464
-0.299255
-0.304051
-0.308854
-0.313662
-0.318477
-0.323297
-0.328124
-0.332956
-0.337795
-0.34264
-0.34749
-0.352347
-0.35721
-0.362079
-0.366954
-0.371835
-0.376723
-0.381616
-0.386515
-0.391421
-0.396333
-0.401251
-0.406175
-0.411105
-0.416041
-0.420984
-0.425933
-0.430888
-0.435849
-0.440816
-0.44579
-0.450769
-0.455755
-0.460748
-0.465746
